-0.725137 -0.226519 -0.076833  0.620672  0.292701 -1.425244  0.404698  0.595586  2
-0.439825 -0.447819 -0.365364  0.194874  2.325659 -1.870265  0.786260 -1.636116  1
-0.987233  1.620459  1.299440 -0.356176 -1.702135  1.350872 -0.014540  1.214416  1
-0.125918 -0.934540 -1.608846  0.203464 -0.641351 -1.512154 -0.622073 -1.096548  2
-0.511867 -1.038214 -0.065079  0.955142 -0.870726  0.414147 -0.505758 -0.807873  2
 0.087612 -0.964736 -0.769514 -0.702810 -0.066102  0.338152  0.376691  0.803783  1
 1.232600  0.096300  0.932862  0.742629 -0.817995 -0.563181  0.847294  0.586970  1
-0.506218 -0.520212  0.451263  1.088545 -0.468174 -0.188659 -1.006335 -1.219607  1
-0.537760 -0.757305  0.193445 -0.978373  0.523253 -1.792484  1.053656  0.457597  2
 1.071467 -0.039632  0.004352 -0.188104 -1.467522 -0.722844 -0.360639  1.033722  1
 0.592883  0.570823 -1.116951 -1.207457  0.532942  0.293985  0.350493  0.323048  1
 1.884152 -0.095325  1.299297  0.180518  2.071748  1.752341 -0.148964  0.948171  1
 0.848048  3.641731  0.690891  1.248566  0.965002  0.648391 -0.215269  0.735569  1
-0.105030 -1.014242 -0.556049 -1.197878  2.079725 -0.054636 -0.675226  0.198980  2
 0.113328  0.146113  1.597894 -0.405270 -0.797494 -0.504757  1.015402  0.305351  1
-0.196760  0.302267  0.217078  1.081645 -0.691053 -0.330662 -0.292108 -1.486915  1
-0.648643 -0.466125 -0.594794 -0.863991  0.163522 -0.920850  0.294957 -0.065238  2
-0.573638  0.143010  2.557685 -0.096060  1.264273 -0.793076 -0.010488  1.755801  2
 0.561790  1.101781  0.831522  0.459180  0.044834 -1.750861  0.454118  0.192688  2
 0.309802 -1.689168 -1.350585  0.743264  0.285865 -0.273883  0.042934  0.332582  2
 1.169782  0.275421  0.335203 -0.411877 -0.372606 -0.522458  0.418952 -0.435984  2
-1.667405  0.564360 -0.665024  0.570599 -0.648259 -1.894782 -1.603042  0.033085  2
-0.641682  0.576085  1.278596 -0.707682  0.974376  0.409781  0.922060  1.873393  1
 0.446517  0.451131  1.706017 -1.124815  2.144033 -1.955088 -0.051785  0.564917  1
 0.183866  0.269221 -0.461761 -0.849844  0.945336 -0.945984  0.096066 -0.492657  2
 0.237615  0.791865 -1.480986  1.143754  0.453496 -0.505188  0.657282  2.255693  2
 0.480980  0.354662  1.035140 -0.510016 -0.154875 -1.068664 -0.419793  0.362300  2
-0.156008 -0.405881 -1.014504 -1.654857  0.938171 -0.016582 -1.265461 -1.310079  2
-2.469645 -0.775895  0.574672 -0.203045  0.486146 -0.693885  0.111090 -0.170677  2
 0.453296  0.303439  0.831615 -1.011642 -1.523114  1.274677  0.432314 -0.771887  1
-0.426133 -0.060606  0.461756  1.989171  0.961424 -0.579904 -0.798415  0.468519  1
 0.258030  1.003691  1.663074  1.014370 -1.725874 -1.369477 -0.600319  0.011091  2
-0.333785  1.690022 -0.261991 -1.503143 -0.130743 -0.362624 -2.672387 -0.069295  2
 0.758989 -0.901165  0.867206  1.355638  0.528435  1.786896 -0.749289 -1.259655  2
 0.429996  0.384157 -0.698221  2.205387 -0.995017 -1.217189  1.258111  0.768263  1
 0.829714 -0.349264  0.767689  1.636030 -0.223153 -0.237137  1.679213  0.744035  1
 0.319503 -1.268711  0.942545 -1.107844  0.219864 -1.962670 -1.228186  0.173461  1
-0.347025  0.021254  0.413072 -0.601351  1.876775  0.470833 -1.091303  0.633154  1
-0.542919  0.420136 -0.040035  1.103302  0.229228  0.060402 -0.339112 -0.071946  2
-0.858413 -0.363556  1.003893 -0.576892  0.950692 -1.219607  0.554304  1.426569  2
 0.386065 -0.011695 -2.069842 -0.089120 -1.189470  0.579773  0.391098 -0.954880  2
 0.297174  1.353644 -2.499745  0.934903  0.098047 -0.302007  0.191761 -2.010969  1
-0.236948 -0.886564 -0.579171  0.755391  0.615917 -1.067455  0.123832  0.736387  2
 1.689142  0.902640 -0.010373  1.479944  0.192368 -0.951184  1.547624  0.523910  2
 0.430676 -0.984010  0.144510  0.610998  1.462144  0.956271  2.253182 -0.790748  1
-0.138932  0.877951  0.184280 -0.964745 -0.704304  0.676598 -0.630367  0.193059  1
 0.852347  1.321739  0.011240  0.514712  0.701144 -0.404220  0.324092 -0.010808  1
 0.291775  2.096401  0.868725 -0.326024  1.316214 -0.497975 -2.013625 -1.023086  2
 0.015929 -0.003125  0.195685 -0.144360 -0.458662 -0.636759 -0.008253 -0.558425  2
-1.261428 -0.810375  0.125244  0.159981 -0.439065  0.619850 -0.967620 -0.165779  1
 2.098454  0.193982 -1.140884  1.030862  2.133156  1.029465 -1.419370 -0.507634  1
-0.710846  0.127430 -0.257377  1.503993 -2.535970  1.001607  1.270585 -2.088390  2
 0.978376  1.157632 -0.844923  0.799051  1.069424 -1.761739 -1.083259 -2.062632  1
 0.261723 -0.883317  0.636192 -1.661520  0.048920 -1.300916 -0.627336  0.032399  2
 0.111395  0.746767  0.478609  0.223884 -0.675474  0.381568  1.906524  1.330420  2
 0.378572 -0.862600  2.263944  0.746919 -2.014143  0.183454 -0.561786  0.829033  1
 0.080432 -1.458783  1.752411 -1.317141 -0.429044  0.127741  1.541273 -1.459262  1
-1.035246 -0.169339 -0.878018 -1.382800  1.041178  1.819517 -1.374068  0.547969  2
 1.496164 -0.200767 -0.861509  0.575103  0.210060 -0.603217  0.169802 -0.408714  1
-1.554629  0.627010 -1.282829  1.754794 -1.966929  1.606556  0.235517 -0.111713  2
-0.136474  0.331560 -0.343418 -0.352730  0.252962 -1.916280 -1.624918 -0.585688  1
-0.138038  0.021050 -1.328084 -1.294464 -0.707444 -0.216447  0.410908  1.451956  1
 0.957120  0.417346  0.107753 -0.784254  0.086805 -0.680162  1.075120 -0.170457  1
-1.776720  1.517044  0.651966 -0.055585  0.394969 -1.215389  2.470252  0.114221  2
 1.124032 -1.120387  1.522794 -1.288851  0.597857  2.187456 -0.890536 -0.589698  1
 1.599911 -0.918669  0.563819  0.887634 -0.915930 -0.062525 -3.141267 -1.047788  1
 0.629120  0.050055  0.125113 -0.121587 -1.404371 -0.423645 -0.242715 -0.825677  1
 0.547094 -1.456739  0.293181  0.498317 -0.872857  0.150725  0.158209 -1.166370  1
-0.211383 -0.100077 -1.030994  0.488698 -0.589639 -0.294694 -0.501707  1.828878  1
 0.393230  2.252242 -0.072361  0.414547 -0.023712 -1.171678  1.242823  0.728533  1
-0.624967  1.833449  0.705352 -0.562467  0.747408  0.882654  0.646310 -1.585225  2
 0.063593  0.506542  1.622357  0.187095  1.639616 -1.383101 -1.603382 -0.078948  1
 1.158416  0.602510  1.425479  0.134004  0.692953 -0.313267  0.424166 -0.153543  1
-0.492497 -0.532386  0.532931 -0.450725 -0.811220  0.240687  0.344967 -0.530343  1
 0.613992 -0.833700 -0.088122 -0.380001 -0.578365  0.846602  0.457015 -0.716310  1
-0.679831  0.103247 -0.788024 -1.299304  1.476649 -0.228776  0.167528 -1.448148  1
 1.190660 -0.370939  0.100984 -0.889529 -0.007513 -0.291659  0.422719 -0.850631  1
-1.513191  1.387874  1.642568 -0.249036  0.691557  0.221350  3.103381  1.104575  2
 0.109537  0.503000  0.593238  0.040171 -0.835794 -1.517847 -0.346515  0.832999  1
-0.459521 -0.325736  0.624987  0.978755 -1.189296 -0.337501 -0.374945 -0.676729  1
 0.519659 -0.704744  0.184367 -0.755383 -0.496518 -1.496561 -0.898733 -1.366685  2
 0.432651 -0.714476 -1.430663  0.181563 -1.051304  0.470592 -0.819424  1.526534  1
 0.328133 -1.230114  0.921627 -0.184902 -0.407723  0.959109 -0.679844 -1.423461  2
-0.450253 -0.533062  0.933517 -1.117864  0.238460  1.304143 -1.507483  0.161234  1
 0.312098 -0.093673  1.397665 -0.478571  0.558097 -0.205193 -0.117681  1.075377  1
-0.228935  0.717206  1.846556  1.126565 -0.153889 -1.196426  2.597860  0.044218  2
 0.712960  0.465263 -0.363366  1.159330 -0.966063  0.526036  0.617601 -0.324546  2
-0.110328 -0.199970  0.611767  0.757508 -0.415501 -0.665718 -0.250552 -2.316921  2
-1.868792 -0.330513  0.016018  1.676437  0.441927 -0.309001  0.853906 -2.226135  2
 1.205321 -0.027658  2.309803 -0.695298 -0.828722 -0.602393 -2.023896 -0.549155  1
 1.145526  1.145240  0.047990  1.116533  0.372636 -0.648120  0.461396  1.514637  1
-0.973873  1.074642 -0.951799  2.632382  0.608318  0.094936 -0.833858  0.685310  2
 1.595187 -0.490216 -0.992005 -0.125787  0.170725  1.004292 -1.667965  1.514550  2
 0.171714  0.193051  2.006186  0.287578  0.268550 -0.077446 -1.818771 -0.049914  1
 0.676618 -1.974040  0.444084 -0.272082 -0.665922  0.608676  1.131000  0.907880  1
 0.723672 -1.108052 -0.526920  0.489375 -1.107128  0.623098 -0.215825 -0.389821  2
-0.340688 -0.350441 -1.409912 -0.777817 -0.995576  1.662370  0.960178  1.256555  2
 0.690787  0.349785  1.203051  1.166802 -1.366669 -0.940825  0.615035  0.490386  1
 0.346002  1.242534 -0.144657  2.833169  0.636667 -0.860158 -0.970892  0.459072  1