 4.715863   8.430281  5.725367   9.277672   8.724301  3.330656   9.540198  6.487586  2
-0.439825  -0.447819 -0.365364   0.194874   2.325659 -1.870265   0.786260 -1.636116  1
-0.987233   1.620459  1.299440  -0.356176  -1.702135  1.350872  -0.014540  1.214416  1
 5.315082   7.722260  4.193354   8.860464   7.790249  3.243746   8.513427  4.795452  2
 4.929133   7.618586  5.737121   9.612142   7.560874  5.170047   8.629742  5.084127  2
 0.087612  -0.964736 -0.769514  -0.702810  -0.066102  0.338152   0.376691  0.803783  1
 1.232600   0.096300  0.932862   0.742629  -0.817995 -0.563181   0.847294  0.586970  1
-0.506218  -0.520212  0.451263   1.088545  -0.468174 -0.188659  -1.006335 -1.219607  1
 4.903240   7.899495  5.995645   7.678627   8.954853  2.963416  10.189156  6.349597  2
 1.071467  -0.039632  0.004352  -0.188104  -1.467522 -0.722844  -0.360639  1.033722  1
 0.592883   0.570823 -1.116951  -1.207457   0.532942  0.293985   0.350493  0.323048  1
 1.884152  -0.095325  1.299297   0.180518   2.071748  1.752341  -0.148964  0.948171  1
 0.848048   3.641731  0.690891   1.248566   0.965002  0.648391  -0.215269  0.735569  1
 5.335970   7.642558  5.246151   7.459122  10.511325  4.701264   8.460274  6.090980  2
 0.113328   0.146113  1.597894  -0.405270  -0.797494 -0.504757   1.015402  0.305351  1
-0.196760   0.302267  0.217078   1.081645  -0.691053 -0.330662  -0.292108 -1.486915  1
 4.792357   8.190675  5.207406   7.793009   8.595122  3.835050   9.430457  5.826762  2
 4.867362   8.799810  8.359885   8.560940   9.695873  3.962824   9.125012  7.647801  2
 6.002790   9.758581  6.633722   9.116180   8.476434  3.005039   9.589618  6.084688  2
 5.750802   6.967632  4.451615   9.400264   8.717465  4.482017   9.178434  6.224582  2
 6.610782   8.932221  6.137403   8.245123   8.058994  4.233442   9.554452  5.456016  2
 3.773595   9.221160  5.137176   9.227599   7.783341  2.861118   7.532458  5.925085  2
-0.641682   0.576085  1.278596  -0.707682   0.974376  0.409781   0.922060  1.873393  1
 0.446517   0.451131  1.706017  -1.124815   2.144033 -1.955088  -0.051785  0.564917  1
 5.624866   8.926021  5.340439   7.807156   9.376936  3.809916   9.231566  5.399343  2
 5.678615   9.448665  4.321214   9.800754   8.885096  4.250712   9.792782  8.147693  2
 5.921980   9.011462  6.837340   8.146984   8.276725  3.687236   8.715707  6.254300  2
 5.284992   8.250919  4.787696   7.002143   9.369771  4.739318   7.870039  4.581921  2
 2.971355   7.880905  6.376872   8.453955   8.917746  4.062015   9.246590  5.721323  2
 0.453296   0.303439  0.831615  -1.011642  -1.523114  1.274677   0.432314 -0.771887  1
-0.426133  -0.060606  0.461756   1.989171   0.961424 -0.579904  -0.798415  0.468519  1
 5.699030   9.660491  7.465274   9.671370   6.705726  3.386423   8.535181  5.903091  2
 5.107215  10.346822  5.540209   7.153857   8.300857  4.393276   6.463113  5.822705  2
 6.199989   7.755635  6.669406  10.012638   8.960035  6.542796   8.386211  4.632345  2
 0.429996   0.384157 -0.698221   2.205387  -0.995017 -1.217189   1.258111  0.768263  1
 0.829714  -0.349264  0.767689   1.636030  -0.223153 -0.237137   1.679213  0.744035  1
 0.319503  -1.268711  0.942545  -1.107844   0.219864 -1.962670  -1.228186  0.173461  1
-0.347025   0.021254  0.413072  -0.601351   1.876775  0.470833  -1.091303  0.633154  1
 4.898081   9.076936  5.762165   9.760302   8.660828  4.816302   8.796388  5.820054  2
 4.582587   8.293244  6.806093   8.080108   9.382292  3.536293   9.689804  7.318569  2
 5.827065   8.645105  3.732358   8.567880   7.242130  5.335673   9.526598  4.937120  2
 0.297174   1.353644 -2.499745   0.934903   0.098047 -0.302007   0.191761 -2.010969  1
 5.204052   7.770236  5.223029   9.412391   9.047517  3.688445   9.259332  6.628387  2
 7.130142   9.559440  5.791827  10.136944   8.623968  3.804716  10.683124  6.415910  2
 0.430676  -0.984010  0.144510   0.610998   1.462144  0.956271   2.253182 -0.790748  1
-0.138932   0.877951  0.184280  -0.964745  -0.704304  0.676598  -0.630367  0.193059  1
 0.852347   1.321739  0.011240   0.514712   0.701144 -0.404220   0.324092 -0.010808  1
 5.732775  10.753201  6.670925   8.330976   9.747814  4.257925   7.121875  4.868914  2
 5.456929   8.653675  5.997885   8.512640   7.972938  4.119141   9.127247  5.333575  2
-1.261428  -0.810375  0.125244   0.159981  -0.439065  0.619850  -0.967620 -0.165779  1
 2.098454   0.193982 -1.140884   1.030862   2.133156  1.029465  -1.419370 -0.507634  1
 4.730154   8.784230  5.544823  10.160993   5.895630  5.757507  10.406085  3.803610  2
 0.978376   1.157632 -0.844923   0.799051   1.069424 -1.761739  -1.083259 -2.062632  1
 5.702723   7.773483  6.438392   6.995480   8.480520  3.454984   8.508164  5.924399  2
 5.552395   9.403567  6.280809   8.880884   7.756126  5.137468  11.042024  7.222420  2
 0.378572  -0.862600  2.263944   0.746919  -2.014143  0.183454  -0.561786  0.829033  1
 0.080432  -1.458783  1.752411  -1.317141  -0.429044  0.127741   1.541273 -1.459262  1
 4.405754   8.487461  4.924182   7.274200   9.472778  6.575417   7.761432  6.439969  2
 1.496164  -0.200767 -0.861509   0.575103   0.210060 -0.603217   0.169802 -0.408714  1
 3.886371   9.283810  4.519371  10.411794   6.464671  6.362456   9.371017  5.780287  2
-0.136474   0.331560 -0.343418  -0.352730   0.252962 -1.916280  -1.624918 -0.585688  1
-0.138038   0.021050 -1.328084  -1.294464  -0.707444 -0.216447   0.410908  1.451956  1
 0.957120   0.417346  0.107753  -0.784254   0.086805 -0.680162   1.075120 -0.170457  1
 3.664280  10.173844  6.454166   8.601415   8.826569  3.540511  11.605752  6.006221  2
 1.124032  -1.120387  1.522794  -1.288851   0.597857  2.187456  -0.890536 -0.589698  1
 1.599911  -0.918669  0.563819   0.887634  -0.915930 -0.062525  -3.141267 -1.047788  1
 0.629120   0.050055  0.125113  -0.121587  -1.404371 -0.423645  -0.242715 -0.825677  1
 0.547094  -1.456739  0.293181   0.498317  -0.872857  0.150725   0.158209 -1.166370  1
-0.211383  -0.100077 -1.030994   0.488698  -0.589639 -0.294694  -0.501707  1.828878  1
 0.393230   2.252242 -0.072361   0.414547  -0.023712 -1.171678   1.242823  0.728533  1
 4.816033  10.490249  6.507552   8.094533   9.179008  5.638554   9.781810  4.306775  2
 0.063593   0.506542  1.622357   0.187095   1.639616 -1.383101  -1.603382 -0.078948  1
 1.158416   0.602510  1.425479   0.134004   0.692953 -0.313267   0.424166 -0.153543  1
-0.492497  -0.532386  0.532931  -0.450725  -0.811220  0.240687   0.344967 -0.530343  1
 0.613992  -0.833700 -0.088122  -0.380001  -0.578365  0.846602   0.457015 -0.716310  1
-0.679831   0.103247 -0.788024  -1.299304   1.476649 -0.228776   0.167528 -1.448148  1
 1.190660  -0.370939  0.100984  -0.889529  -0.007513 -0.291659   0.422719 -0.850631  1
 3.927809  10.044674  7.444768   8.407964   9.123157  4.977250  12.238881  6.996575  2
 0.109537   0.503000  0.593238   0.040171  -0.835794 -1.517847  -0.346515  0.832999  1
-0.459521  -0.325736  0.624987   0.978755  -1.189296 -0.337501  -0.374945 -0.676729  1
 5.960659   7.952056  5.986567   7.901617   7.935082  3.259339   8.236767  4.525315  2
 0.432651  -0.714476 -1.430663   0.181563  -1.051304  0.470592  -0.819424  1.526534  1
 5.769133   7.426686  6.723827   8.472098   8.023877  5.715009   8.455656  4.468539  2
-0.450253  -0.533062  0.933517  -1.117864   0.238460  1.304143  -1.507483  0.161234  1
 0.312098  -0.093673  1.397665  -0.478571   0.558097 -0.205193  -0.117681  1.075377  1
 5.212065   9.374006  7.648756   9.783565   8.277711  3.559474  11.733360  5.936218  2
 6.153960   9.122063  5.438834   9.816330   7.465537  5.281936   9.753101  5.567454  2
 5.330672   8.456830  6.413967   9.414508   8.016099  4.090182   8.884948  3.575079  2
 3.572208   8.326287  5.818218  10.333437   8.873527  4.446899   9.989406  3.665865  2
 1.205321  -0.027658  2.309803  -0.695298  -0.828722 -0.602393  -2.023896 -0.549155  1
 1.145526   1.145240  0.047990   1.116533   0.372636 -0.648120   0.461396  1.514637  1
 4.467127   9.731442  4.850401  11.289382   9.039918  4.850836   8.301642  6.577310  2
 7.036187   8.166584  4.810195   8.531213   8.602325  5.760192   7.467535  7.406550  2
 0.171714   0.193051  2.006186   0.287578   0.268550 -0.077446  -1.818771 -0.049914  1
 0.676618  -1.974040  0.444084  -0.272082  -0.665922  0.608676   1.131000  0.907880  1
 6.164672   7.548748  5.275280   9.146375   7.324472  5.378998   8.919675  5.502179  2
 5.100312   8.306359  4.392288   7.879183   7.436024  6.418270  10.095678  7.148555  2
 0.690787   0.349785  1.203051   1.166802  -1.366669 -0.940825   0.615035  0.490386  1
 0.346002   1.242534 -0.144657   2.833169   0.636667 -0.860158  -0.970892  0.459072  1